







positions:
0, 0.5, 0,
0, 0, 0,
0.5, 0.5, 0,
0, 0.5, 0,  <------
0, 0, 0,
0, 0, 0.20000000298023224,
0, 0.5, 0.20000000298023224,
0, 0, 0, <-------
0.5, 0.5, 0,
0.5, 0.5, 0.20000000298023224,
0, 0, 0.20000000298023224,
0.5, 0.5, 0, <-------
0, 0.5, 0,
0, 0.5, 0.20000000298023224,
0.5, 0.5, 0.20000000298023224,
0, 0.5, 0.20000000298023224, <-------
0, 0, 0.20000000298023224,
0.5, 0.5, 0.20000000298023224

normals:
-0, 0, -1,
-0, 0, -1,
-0, 0, -1,

-1, 0, 0,
-1, 0, 0,
-1, 0, 0,
-1, 0, 0,

0.7071067690849304, -0.7071067690849304, 0,
0.7071067690849304, -0.7071067690849304, 0,
0.7071067690849304, -0.7071067690849304, 0,
0.7071067690849304, -0.7071067690849304, 0,

0, 1, -0,
0, 1, -0,
0, 1, -0,
0, 1, -0,

0, -0, 1,
0, -0, 1,
0, -0, 1


indices:
1, 0, 2,
5, 0, 1,
6, 0, 5,
9, 1, 2,
5, 1, 9,
6, 2, 0,
9, 2, 6,
9, 6, 5


what I'd write:
0, 1, 2
3, 4, 5
5, 6, 3
7, 8, 9
9, 10, 7
11, 12, 13
13, 14, 11
15, 16, 17
